0,[-3.42155619 -2.85183333 21.04441731],[0, 2, 8, 10],-236.41486999999998,3.0374999999999996,72
1,[109.24883333 174.90416667  21.04441731],[1, 9],-973.19362,6.074999999999999,295
2,[154.41157365 270.52316667  21.04441731],[0, 2, 8, 10],-236.41486999999998,3.0374999999999996,72
3,[95.99520349 -0.1965     21.04441731],[3, 4],-1316.95182,7.0874999999999995,398
4,[253.82833333 273.1785      21.04441731],[3, 4],-1316.95182,7.0874999999999995,398
5,[156.77122222  91.05787222  21.04441731],[5],-215.32325000000003,3.0374999999999996,66
6,[263.34333333  98.7419      21.04441731],[6],-380.07381000000004,4.05,116
7,[315.35333333 181.49983333  21.04441731],[7],-371.73568,4.05,114
8,[312.24470349  -2.85183333  21.04441731],[0, 2, 8, 10],-236.41486999999998,3.0374999999999996,72
9,[424.91509301 174.90416667  21.04441731],[1, 9],-633.55121,5.0625,192
10,[470.07783333 270.52316667  21.04441731],[0, 2, 8, 10],-236.41486999999998,3.0374999999999996,72
